480000000
-125.5969
-170.8228
-165.6267
-169.7591
-168.0714
-171.7685
-167.2920
-169.9185
480500000
-125.8404
-170.9536
-167.5638
-170.7545
-168.3461
-172.1717
-167.3589
-171.3964
481000000
-126.0513
-170.5549
-168.0174
-170.8311
-168.6060
-171.7320
-167.4668
-171.2750
481500000
-126.2214
-170.6175
-167.5446
-171.2448
-168.4644
-171.5993
-167.3631
-170.8466
482000000
-126.1133
-171.0737
-166.0804
-170.9137
-168.6232
-171.9425
-167.0732
-170.9712
482500000
-126.4589
-171.0173
-166.3268
-170.9867
-168.4136
-172.1530
-167.0364
-170.8594
483000000
-126.5115
-171.1599
-168.0055
-170.6221
-168.5465
-171.8740
-167.3347
-171.6980
483500000
-125.9920
-170.2006
-168.1004
-171.1256
-168.4276
-171.4775
-167.6985
-171.5452
484000000
-126.0436
-170.8986
-166.8258
-170.7927
-168.7053
-172.2117
-167.4934
-170.9949
484500000
-126.2093
-170.9726
-166.1809
-170.3626
-168.6321
-172.2084
-167.4654
-170.2336
485000000
-127.0553
-170.7854
-167.0393
-169.9572
-168.9790
-172.1501
-166.9727
-170.9035
485500000
-128.0030
-170.8476
-167.5349
-170.3647
-168.3114
-172.2119
-167.5093
-171.4242
486000000
-130.5947
-170.7263
-167.1458
-171.3268
-168.7878
-172.3550
-167.4431
-171.3526
486500000
-135.5925
-170.9337
-166.6999
-171.8829
-168.5421
-172.2708
-167.8922
-170.8486
487000000
-143.2625
-171.2975
-166.4416
-170.7354
-168.9350
-172.2043
-167.6638
-170.6423
487500000
-154.9894
-171.3229
-167.5060
-170.3311
-168.7131
-172.2168
-167.0400
-170.8526
488000000
-165.5852
-170.8934
-167.7678
-170.9695
-168.5948
-172.3842
-167.7184
-170.8882
488500000
-167.4881
-170.9638
-166.6607
-172.1126
-168.5072
-172.1634
-167.2773
-170.6560
489000000
-167.5933
-171.0770
-166.3917
-171.2511
-168.6926
-172.1290
-167.6515
-170.4899
489500000
-167.6931
-170.9843
-167.4022
-171.1517
-168.7038
-172.2294
-167.1424
-170.8149
490000000
-167.4885
-171.0562
-168.1752
-171.0321
-168.7121
-171.7068
-166.8898
-171.2996
490500000
-168.0125
-171.5375
-167.7188
-170.2798
-168.4515
-172.2106
-167.4414
-170.8459
491000000
-168.0407
-171.4071
-166.8893
-171.5476
-168.4465
-172.1691
-167.4604
-170.4371
491500000
-168.2836
-171.6091
-165.9875
-171.1824
-168.7165
-172.1297
-167.9076
-171.5792
492000000
-167.6589
-170.8747
-167.7239
-171.3887
-168.3354
-172.1522
-167.3997
-170.9340
492500000
-167.5063
-171.4052
-167.6694
-170.5365
-168.4718
-172.2469
-167.7092
-171.5204
493000000
-167.9211
-170.9816
-167.1144
-170.7920
-168.3833
-171.9999
-167.4308
-171.0542
493500000
-168.3389
-170.9283
-166.3962
-170.4132
-169.1851
-172.2390
-167.7538
-170.8214
494000000
-168.2300
-171.2329
-167.1573
-171.5878
-169.2220
-171.8197
-167.3074
-170.8564
494500000
-167.7243
-170.8907
-167.6833
-170.8824
-169.0085
-172.2146
-167.7130
-171.5237
495000000
-167.5137
-171.2234
-167.6346
-170.3985
-169.0538
-172.1237
-167.3443
-171.5224
495500000
-167.7325
-171.4521
-166.7709
-170.2214
-169.3148
-172.2417
-167.3740
-170.7505
496000000
-167.7790
-170.9919
-166.4290
-171.1857
-169.2656
-172.6732
-167.5604
-170.8190
496500000
-168.1492
-171.5198
-167.5046
-170.9156
-168.8139
-172.2393
-167.6051
-171.4228
497000000
-167.6405
-171.0350
-168.0574
-170.8902
-168.9295
-171.7441
-167.3214
-171.3884
497500000
-166.9760
-171.3996
-167.8981
-169.6056
-169.2704
-172.2552
-167.6210
-170.7465
498000000
-167.7118
-171.7241
-166.6541
-171.6387
-169.4281
-172.3464
-168.2694
-170.8778
498500000
-167.6293
-171.5907
-166.7184
-171.8000
-169.2074
-172.2493
-167.7451
-171.4046
499000000
-167.5012
-171.0257
-167.1523
-170.8200
-168.9931
-172.3783
-167.2282
-171.7743
499500000
-167.6630
-170.9885
-167.8033
-170.0964
-168.7576
-172.1915
-167.7469
-170.8369
500000000
-168.0158
-170.9243
-167.5306
-170.6462
-168.9805
-172.1654
-168.3113
-170.7266
