480000000
-136.2383
-169.9126
-167.3697
-170.7265
-168.0614
-171.7708
-167.5606
-169.9190
480500000
-135.8986
-170.8066
-166.5507
-170.7083
-168.8213
-171.6029
-167.4584
-171.4968
481000000
-136.1247
-170.7827
-166.9008
-170.3980
-168.2193
-171.7832
-167.6027
-170.8622
481500000
-135.5777
-170.8464
-166.4943
-169.4350
-168.7054
-171.5060
-167.4632
-170.7659
482000000
-136.0640
-170.8091
-167.4374
-170.8636
-168.2822
-171.4741
-166.9633
-170.7242
482500000
-136.2995
-170.0012
-167.5838
-171.0460
-168.5292
-172.1619
-167.9438
-170.7535
483000000
-135.8123
-170.3009
-166.1475
-170.0534
-168.4592
-171.6734
-167.6216
-170.5976
483500000
-135.7596
-170.8474
-166.4015
-170.0446
-168.3160
-172.2411
-167.2559
-170.5692
484000000
-136.3185
-170.7043
-167.2825
-170.8585
-168.4509
-172.2025
-167.5344
-170.3674
484500000
-136.3311
-170.2052
-167.6670
-171.0494
-167.9726
-171.5841
-167.5137
-170.9046
485000000
-136.3202
-170.8768
-166.9040
-170.7085
-168.5251
-171.4983
-167.6560
-171.5201
485500000
-137.0115
-170.8155
-166.8233
-170.3818
-168.6537
-172.2492
-167.6886
-170.7098
486000000
-140.3150
-170.8209
-166.2266
-170.8751
-168.0854
-171.8365
-167.4538
-170.6820
486500000
-145.1025
-171.0056
-167.5984
-170.9608
-168.5353
-171.4448
-167.4304
-170.9111
487000000
-152.6058
-170.2635
-167.3458
-170.9579
-168.0244
-172.1915
-167.6259
-171.3370
487500000
-162.3984
-170.9552
-166.4561
-171.0913
-168.5792
-172.1930
-167.7034
-170.9511
488000000
-167.7663
-171.0081
-167.0673
-170.3527
-168.9341
-171.8802
-167.9928
-170.6839
488500000
-167.8252
-170.7909
-166.9932
-170.8220
-168.4313
-172.1252
-168.0511
-170.7301
489000000
-167.5915
-170.3795
-167.4797
-171.1799
-168.2410
-172.1349
-167.4731
-171.2817
489500000
-167.6766
-170.8589
-166.7943
-171.2477
-168.4962
-171.7145
-167.9841
-170.8172
490000000
-167.4136
-171.2384
-166.5345
-170.6998
-169.1965
-171.7917
-167.6754
-169.9905
490500000
-167.8423
-170.7841
-166.9353
-171.1119
-168.7657
-171.6425
-168.0512
-170.2280
491000000
-167.6086
-170.5929
-167.1819
-171.3658
-168.4028
-172.1790
-167.7522
-170.8328
491500000
-167.5764
-170.2540
-167.7646
-171.0396
-168.6655
-172.2296
-167.5133
-170.9623
492000000
-167.2129
-170.8730
-166.6524
-171.4539
-168.5482
-172.1511
-167.5475
-170.7164
492500000
-167.6734
-170.7463
-166.6125
-170.9220
-168.6654
-171.6198
-167.4943
-170.6323
493000000
-167.8872
-170.5273
-167.0613
-170.9309
-169.0091
-171.8963
-167.8737
-171.3216
493500000
-167.4514
-170.2681
-167.6276
-170.9218
-168.5782
-172.2163
-167.6750
-171.4945
494000000
-167.9651
-170.8165
-166.9926
-170.8633
-168.9040
-171.7685
-167.5414
-170.9808
494500000
-167.7679
-170.8625
-166.8617
-171.2143
-168.8157
-171.6352
-168.1562
-170.7609
495000000
-167.9138
-170.8745
-167.6254
-170.4122
-169.3267
-171.6305
-167.5797
-170.2341
495500000
-167.8573
-170.8909
-167.4317
-170.5505
-168.4730
-172.1201
-167.5838
-171.4309
496000000
-167.9110
-170.5321
-166.8997
-170.6398
-168.2691
-171.8725
-167.7197
-170.7790
496500000
-167.8087
-170.8738
-166.6740
-170.9183
-168.5953
-171.5267
-167.7435
-170.7923
497000000
-168.5107
-171.0691
-166.7450
-170.8957
-168.9618
-172.2937
-168.4779
-170.7901
497500000
-168.2168
-170.8962
-167.9755
-169.5876
-168.7001
-172.1579
-168.0029
-170.9782
498000000
-168.2129
-170.6354
-167.7953
-170.5354
-168.5522
-171.8760
-167.8424
-171.4963
498500000
-168.4038
-170.3861
-166.7409
-170.9774
-168.7894
-172.1797
-167.6918
-170.2231
499000000
-167.8076
-171.0322
-167.2949
-171.3646
-168.9866
-171.8742
-168.2322
-170.3986
499500000
-168.3920
-170.8689
-167.7640
-170.0920
-169.3891
-172.1955
-168.1241
-170.9282
500000000
-167.7098
-170.7643
-168.1559
-170.5903
-168.7691
-171.5841
-168.0294
-171.6733
